1948.5096444545143, 0.0017950968101134723
1949.3521279105933, 0.002434509023183873
1949.3537553738051, 0.0012692453633915135
1950.347773737846, 0.003201948342265004
1950.2735433324542, 0.001454776169559635
1951.190076364679, 0.00397083429531242
1951.1922463156284, 0.002417149415589237
1951.1938737788405, 0.0012518857557968777
1952.1857221919317, 0.004738273614393496
1952.1117630304086, 0.002796890831722687
1952.1136617374893, 0.0014374165619649437
1953.1046964189748, 0.0055064362504577136
1953.0307372574516, 0.003565053467786905
1953.032907208401, 0.0020113685880637777
1952.803977383246, 0.001236696099151502
1954.022585670543, 0.007051441326383523
1953.94862650902, 0.005110058543712714
1953.9507964599693, 0.003556373663989587
1953.9529664109186, 0.00200268878426646
1953.7240365857638, 0.001228016295354184
1954.9404749221112, 0.008596446402309332
1954.866515760588, 0.006655063619638524
1954.8686857115374, 0.005101378739915341
1954.8708556624867, 0.0035476938601922137
1954.873025613436, 0.0019940089804690864
1954.6440957882814, 0.001219336491556866
1955.8583641736795, 0.010141451478235142
1955.7844050121564, 0.008200068695564333
1955.7865749631057, 0.006646383815841206
1955.788744914055, 0.005092698936118023
1955.7909148650044, 0.0035390140563948957
1955.562527527587, 0.002375920347551852
1956.2384672483045, 0.01246836221290426
1956.7729984988239, 0.014016983873745614
1956.7773384007226, 0.01090961411429936
1956.7033792391994, 0.008968231331628551
1956.7055491901488, 0.007414546451905424
1956.707719141098, 0.0058608615721822965
1956.7096178481788, 0.004501387302424553
1956.4809592668926, 0.0035325042035468934
1957.2297731736587, 0.016343171291431702
1957.6865478484935, 0.018669358709117734
1957.6930577013416, 0.014008304069948296
1957.6190985398184, 0.012066921287277488
1957.6212684907678, 0.01051323640755436
1957.623438441717, 0.008959551527831178
1957.6256083926664, 0.00740586664810805
1957.627507099747, 0.006046392378350307
1957.398848518461, 0.005077509279472703
1958.0666509231185, 0.020996269443786908
1958.0731607759665, 0.01633521480461747
1958.6011821736377, 0.022544891104628262
1958.6055220755363, 0.019437521345181952
1958.5315629140132, 0.017496138562511143
1958.6120319283843, 0.01477646670601257
1958.5380727668612, 0.012835083923341706
1958.5402427178105, 0.011281399043618578
1958.5424126687599, 0.009727714163895451
1958.5445826197092, 0.008174029284172324
1958.3161952822918, 0.00701093557532928
1959.0579568484725, 0.024871078522314294
1959.4380599230976, 0.027197989256983413
1959.4445697759456, 0.02253693461781403
1959.446739726895, 0.020983249738090903
1959.4489096778443, 0.01942956485836772
1959.4510796287937, 0.017875879978644593
1959.453249579743, 0.016322195098921466
1959.4554195306923, 0.014768510219198339
1959.4575894816417, 0.013214825339475211
1959.459759432591, 0.011661140459752029
1959.4616581396715, 0.010301666189994285
1959.2340845338601, 0.00855594065125509
1959.8959195734071, 0.02874733423480791
1959.9002594753056, 0.0256399644753616
1959.902429426255, 0.02408627959563847
1960.351609272767, 0.031850364092355476
1960.3537792237164, 0.03029667921263235
1960.358119125615, 0.02718930945318604
1960.364628978463, 0.022528254814016657
1960.3667989294124, 0.02097456993429353
1960.3689688803618, 0.019420885054570347
1960.371138831311, 0.01786720017484722
1960.3733087822604, 0.016313515295124092
1960.3752074893412, 0.01495404102536635
1960.1476338835298, 0.013208315486627209
1960.1492613467417, 0.01204305182683485
1960.8094689230766, 0.03339970907017997
1960.8159787759246, 0.02873865443101059
1960.8203186778233, 0.02563128467156428
1960.8224886287726, 0.024077599791841153
1961.2651586224367, 0.03650273892772754
1961.267328573386, 0.03494905404800441
1961.2716684752847, 0.03184168428855816
1961.273838426234, 0.03028799940883503
1961.2781783281328, 0.02718062964938872
1961.2846881809808, 0.02251957501021934
1961.28685813193, 0.020965890130496212
1961.2890280828794, 0.01941220525077303
1961.0611832331995, 0.017860690321999217
1961.0628106964114, 0.016695426662206858
1961.799689872956, 0.03805136058856895
1961.806199725804, 0.03339030594939951
1961.812709578652, 0.02872925131023013
1961.8170494805506, 0.02562188155078382
1961.7430903190275, 0.023680498768113012
1962.2564645477908, 0.040377548006254926
1962.2629744006388, 0.035716493367085544
1962.2694842534868, 0.031055438727916107
1961.9758175583436, 0.021736222717509746
1962.7132392226256, 0.042703735423941014
1962.7197490754736, 0.03804268078477163
1962.7262589283216, 0.033381626145602195
1962.7327687811696, 0.028720571506432813
1962.6588096196465, 0.02677918872376195
1962.430422282229, 0.025616095014918905
1962.4325922331784, 0.024062410135195778
1963.167843946511, 0.04658360772135017
1963.093884784988, 0.044642224938679365
1963.1765237503084, 0.04036886820245761
1963.1830336031564, 0.03570781356328823
1963.1895434560045, 0.03104675892411879
1963.5479470211362, 0.04891051845601935
1963.5566268249336, 0.04269577893712678
1963.5631366777814, 0.0380347242979574
1963.5696465306294, 0.03337366965878796
1963.5758851396088, 0.028906825629583965
1963.34776904606, 0.027549521310775538
1964.080308320706, 0.05201282499658383
1964.006349159183, 0.05007144221391302
1964.086818173554, 0.04735177035741445
1964.012859012031, 0.04541038757474358
1964.0150289629803, 0.043856702695020455
1964.0954979773514, 0.04113703083852188
1964.0215388158283, 0.03919564805585107
1964.1020078301995, 0.036475976199352445
1964.0280486686763, 0.034534593416681636
1964.0313035951003, 0.03220406609709692
1963.8040012331576, 0.030264129948392338
1964.537082995541, 0.05433901241426986
1964.9171860701658, 0.056665923148939035
1964.9236959230138, 0.0520048685097696
1964.9258658739632, 0.05045118363004647
1964.9280358249125, 0.04889749875032334
1964.9302057758619, 0.047343813870600215
1964.9323757268112, 0.04579012899087709
1964.9345456777605, 0.044236444111153905
1964.9367156287099, 0.04268275923143078
1964.9388855796592, 0.04112907435170765
1964.9410555306085, 0.03957538947198452
1964.9432254815579, 0.038021704592261396
1964.9453954325072, 0.03646801971253821
1964.7175505828272, 0.0349165047837644
1964.7191780460391, 0.03375124112397204
1965.4495473697357, 0.059768229689503516
1965.3755882082128, 0.05782684690683271
1965.4560572225837, 0.055107175050334134
1965.3820980610608, 0.05316579226766327
1965.9063220445705, 0.06209441710718955
1965.9215117012159, 0.0512186229491276
1965.8475525396927, 0.04927724016645674
1965.849722490642, 0.04772355528673361
1965.8518924415914, 0.04616987040701048
1965.8540623925408, 0.044616185527287355
1965.85623234349, 0.04306250064756423
1965.8581310505708, 0.04170302637780643
1965.630014957022, 0.04034572205899806
1965.6321849079714, 0.03879203717927493
1965.6338123711835, 0.03762677351948257
1966.2842551682463, 0.06597501272158185
1966.2864251191957, 0.06442132784185872
1966.2929349720437, 0.059760273202689285
1966.295104922993, 0.05820658832296616
1966.2972748739423, 0.05665290344324303
1966.2994448248917, 0.0550992185635199
1966.301614775841, 0.053545533683796775
1966.7421148185558, 0.06752435769940629
1966.7486246714038, 0.06286330306023691
1966.7507946223532, 0.061309618180513725
1966.7638143280492, 0.051987508902174906
1966.7659842789985, 0.05043382402245178
1966.7681542299479, 0.04888013914272865
1966.7703241808972, 0.047326454263005524
1966.7724941318465, 0.0457727693832824
1966.5446492821663, 0.04422125445450853
1967.2723061671763, 0.07218034911969395
1967.1983470056532, 0.07023896633702315
1967.2005169566025, 0.06868528145729996
1967.2809859709737, 0.06596560960080139
1967.2070268094506, 0.06402422681813058
1967.289665774771, 0.059750870081908825
1967.215706613248, 0.057809487299238016
1967.2178765641972, 0.05625580241951489
1967.2200465151466, 0.054702117539791706
1967.222216466096, 0.05314843266006858
1967.6524092418013, 0.07450725985436307
1967.669768849396, 0.062077780816578
1967.6846872621727, 0.051396197268481436
1967.4571136563613, 0.04965047172974224
1968.1059289902123, 0.07916397459163382
1968.1080989411614, 0.0776102897119107
1968.1102688921108, 0.07605660483218757
1968.1146087940094, 0.07294923507274129
1968.1167787449588, 0.07139555019301813
1968.118948695908, 0.069841865313295
1968.1211186468574, 0.06828818043357188
1968.1232885978068, 0.06673449555384875
1968.1254585487561, 0.06518081067412557
1968.1276284997055, 0.06362712579440244
1968.1319684016041, 0.060519756034956185
1968.1341383525535, 0.05896607115523306
1968.1363083035028, 0.057412386275509875
1968.1384782544521, 0.05585870139578675
1968.1403769615329, 0.054499227126029004
1967.9128033557215, 0.05275350158728981
1968.6404602407315, 0.0807125962524752
1968.6491400445288, 0.07449785673358264
1968.6664996521235, 0.06206837769579754
1969.0162234134577, 0.0861468767465906
1969.018393364407, 0.08459319186686748
1969.0205633153564, 0.08303950698714435
1969.0270731682044, 0.07837845234797491
1969.0292431191538, 0.07682476746825179
1969.0357529720018, 0.0721637128290824
1969.037922922951, 0.07061002794935922
1969.0400928739004, 0.0690563430696361
1969.0422628248498, 0.06750265818991297
1969.0444327757991, 0.06594897331018984
1969.0466027267485, 0.06439528843046671
1968.8230977789672, 0.05973640374224659
1968.8252677299165, 0.058182718862523464
1969.5485847130276, 0.08924918328715511
1969.4746255515047, 0.0873078005044843
1969.5594344677743, 0.08148075888853942
1969.4854753062514, 0.07953937610586861
1969.5681142715716, 0.07526601936964686
1969.4941551100487, 0.07332463658697605
1969.5852930499207, 0.06296601407183872
1969.2809574292764, 0.06128574872007103
1969.9265178367034, 0.09312977890154742
1969.9286877876527, 0.09157609402182426
1969.93736759145, 0.08536135450293172
1969.9395375423994, 0.08380766962320857
1969.9482173461968, 0.07759293010431603
1969.9568971499941, 0.07137819058542347
1969.9590671009435, 0.06982450570570031
1969.9612370518928, 0.06827082082597719
1969.9634070028421, 0.06671713594625406
1969.735562153162, 0.06516562101748025
1970.4588791362733, 0.0962320854421119
1970.3849199747501, 0.09429070265944109
1970.4675589400706, 0.09001734592321936
1970.3935997785475, 0.08807596314054855
1970.3957697294968, 0.08652227826082542
1970.4784086948173, 0.08224892152460367
1970.4044495332942, 0.08030753874193286
1970.4066194842435, 0.07875385386220973
1970.4870884986146, 0.07603418200571113
1970.4131293370915, 0.07409279922304032
1970.4152992880408, 0.07253911434331717
1970.836812259949, 0.10011268105650417
1970.8389822108984, 0.09855899617678104
1970.8476620146957, 0.09234425665788848
1970.8585117694424, 0.08457583225927282
1970.648026527357, 0.0705948382927139
1970.6501964783063, 0.06904115341299077
1971.2925019593092, 0.1032157109140518
1971.2946719102586, 0.10166202603432867
1971.3011817631063, 0.09700097139515926
1971.3033517140557, 0.0954472865154361
1971.305521665005, 0.09389360163571298
1971.3098615669037, 0.0907862318762667
1971.312031517853, 0.08923254699654357
1971.3142014688024, 0.08767886211682041
1971.3163714197517, 0.08612517723709728
1971.3207113216504, 0.083017807477651
1971.3228812725997, 0.08146412259792787
1971.325051223549, 0.07991043771820472
1971.3272211744984, 0.07835675283848159
1971.3293911254477, 0.07680306795875846
1971.3312898325285, 0.07544359368900072
1971.103716226717, 0.07369786815026153
1971.824863258879, 0.1063180174546163
1971.750904097356, 0.1043766346719455
1971.8335430626764, 0.10010327793572374
1971.7595839011533, 0.09816189515305293
1971.844392817423, 0.09233485353710805
1971.8552425721698, 0.08456642913849238
1972.2027963825549, 0.11019861306900858
1972.2049663335042, 0.10864492818928542
1972.2136461373016, 0.10243018867039289
1972.2223259410987, 0.09621544915150032
1972.224495892048, 0.0946617642717772
1972.231005744896, 0.09000070963260778
1972.2331756958454, 0.08844702475288463
1972.2353456467947, 0.0868933398731615
1972.0118406990134, 0.08223445518494144
1972.0134681622253, 0.08106919152514908
1972.6584860819148, 0.11330164292655617
1972.6606560328642, 0.11174795804683305
1972.6671658857122, 0.10708690340766364
1972.6693358366615, 0.10553321852794051
1972.6715057876108, 0.10397953364821735
1972.6758456895095, 0.1008721638887711
1972.6780156404589, 0.09931847900904794
1972.6801855914082, 0.09776479412932482
1972.6866954442562, 0.09310373949015541
1972.6888653952055, 0.09155005461043225
1972.4675303983736, 0.08533748504248906
1972.4691578615855, 0.0841722213826967
1973.1886774305353, 0.11795763434684384
1973.1147182690124, 0.11601625156417303
1973.1168882199618, 0.11446256668444987
1973.199527185282, 0.11018920994822815
1973.1255680237591, 0.10824782716555734
1973.2103769400287, 0.10242078554961245
1973.219056743826, 0.09620604603071989
1973.1450975823032, 0.09426466324804908
1973.2275557183777, 0.09012078025180428
1972.9232200977335, 0.08844051490003663
1972.9248475609456, 0.0872752512402443
1973.5687805051605, 0.12028454508151296
1973.5796302599072, 0.11251612068289726
1973.5883100637045, 0.10630138116400473
1973.5904800146538, 0.10474769628428157
1973.5969898675019, 0.10008664164511216
1973.5991598184512, 0.09853295676538903
1973.377824821619, 0.09232038719744581
1974.0989718537812, 0.12494053650180059
1974.0250126922579, 0.12299915371912978
1974.0271826432072, 0.12144546883940666
1974.1076516575783, 0.11872579698290806
1974.0336924960552, 0.11678441420023725
1974.0358624470045, 0.11523072932051409
1974.0380323979539, 0.11367704444079096
1974.118501412325, 0.11095737258429236
1974.044542250802, 0.10901598980162155
1974.0467122017512, 0.10746230492189843
1974.1293511670717, 0.10318894818567667
1974.0553920055486, 0.10124756540300586
1974.1378501416234, 0.09710368240676107
1973.8335145209792, 0.09542341705499344
1973.8351419841913, 0.09425815339520108
1974.555746528616, 0.12726672391948665
1974.5861258419066, 0.10551513560336273
1974.5175915577568, 0.09968954062138408
1975.0103512525013, 0.1311465962168958
1974.9363920909782, 0.129205213434225
1975.0190310562987, 0.12493185669800325
1974.9450718947755, 0.12299047391533244
1974.9472418457249, 0.12143678903560931
1974.9494117966742, 0.11988310415588618
1974.9515817476235, 0.11832941927616303
1974.953751698573, 0.1167757343964399
1974.9559216495222, 0.11522204951671675
1974.9580916004716, 0.11366836463699362
1974.960261551421, 0.11211467975727049
1974.9624315023702, 0.11056099487754734
1974.9646014533196, 0.10900730999782421
1974.966771404269, 0.10745362511810108
1974.7427239687502, 0.10318316164981178
1974.7448939196995, 0.10162947677008866
1975.3904543271265, 0.13347350695156496
1975.3991341309238, 0.12725876743267242
1975.199498643585, 0.10550934906749784
1975.201126106797, 0.10434408540770548
1975.843974075537, 0.1381302216888357
1975.8461440264864, 0.13657653680911258
1975.8483139774357, 0.13502285192938945
1975.8526538793344, 0.13191548216994317
1975.8548238302837, 0.13036179729022004
1975.856993781233, 0.1288081124104969
1975.8613336831318, 0.12570074265105063
1975.863503634081, 0.12414705777132748
1975.8656735850304, 0.12259337289160435
1975.8678435359798, 0.1210396880118812
1975.870013486929, 0.11948600313215807
1975.8721834378784, 0.11793231825243494
1975.8743533888278, 0.11637863337271179
1975.8765233397771, 0.11482494849298866
1975.8786932907265, 0.1132712636132655
1975.8805919978072, 0.11191178934350776
1975.6530183919958, 0.11016606380476857
1975.6551883429452, 0.10861237892504541
1975.6568158061573, 0.10744711526525308
1976.2996637748975, 0.1412332515463833
1976.3018337258468, 0.13967956666666018
1976.3105135296441, 0.1334648271477676
1976.3191933334415, 0.12725008762887507
1976.829855123518, 0.14588924296667094
1976.7558959619948, 0.14394786018400013
1976.7580659129442, 0.142394175304277
1976.8407048782647, 0.13812081856805525
1976.7667457167415, 0.13617943578538447
1976.7689156676909, 0.1346257509056613
1976.849384682062, 0.1319060790491627
1976.7754255205389, 0.1299646962664919
1976.7775954714882, 0.12841101138676878
1976.8580644858594, 0.12569133953027017
1976.7841053243362, 0.12374995674759937
1976.7862752752853, 0.12219627186787621
1976.7884452262347, 0.12064258698815308
1976.7903439333154, 0.11928311271839534
1976.5622278397668, 0.11792580839958694
1976.5643977907162, 0.11637212351986378
1976.5665677416655, 0.11481843864014066
1976.5681952048774, 0.1136531749803483
1977.2099581981429, 0.14821615370134011
1977.2208079528896, 0.14044772930272442
1977.6634779465537, 0.15287286843861084
1977.665647897503, 0.1513191835588877
1977.6678178484524, 0.14976549867916455
1977.672157750351, 0.1466581289197183
1977.6743277013004, 0.14510444403999515
1977.6764976522497, 0.14355075916027202
1977.678667603199, 0.14199707428054886
1977.6830075050977, 0.1388897045211026
1977.685177456047, 0.13733601964137945
1977.6873474069964, 0.13578233476165633
1977.6895173579458, 0.1342286498819332
1977.691687308895, 0.13267496500221004
1977.6938572598444, 0.13112128012248692
1977.6960272107938, 0.12956759524276376
1977.698197161743, 0.12801391036304063
1977.7003671126924, 0.1264602254833175
1977.7022658197732, 0.12510075121355976
1977.4746922139616, 0.12335502567482057
1977.476862164911, 0.12180134079509744
1978.1958392461238, 0.15597517497917535
1978.1218800846004, 0.15403379219650454
1978.2066890008703, 0.14820675058055965
1978.217538755617, 0.14043832618194396
1978.6526139209584, 0.15830136239686138
1978.6612937247558, 0.15208662287796884
1978.5873345632326, 0.15014524009529803
1978.669973528553, 0.14587188335907628
1978.59601436703, 0.14393050057640547
1978.5981843179793, 0.14237681569668234
1978.6808232832998, 0.13810345896046058
1978.6068641217767, 0.1361620761777898
1978.609034072726, 0.13460839129806665
1978.6109327798067, 0.1332489170283089
1978.382816686258, 0.13189161270950048
1978.3849866372072, 0.13033792782977735
1978.3871565881566, 0.1287842429500542
1979.1028787429452, 0.16528860445371685
1979.028919581422, 0.163347221671046
1979.0310895323714, 0.16179353679132288
1979.0332594833208, 0.16023985191159973
1979.1158984486412, 0.15596649517537803
1979.041939287118, 0.1540251123927072
1979.126748203388, 0.14819807077676234
1979.1375979581346, 0.14042964637814664
1979.5574834668307, 0.169168476751126
1979.4835243053076, 0.1672270939684552
1979.572673123476, 0.15829268259306403
1979.5813529272734, 0.1520779430741715
1979.5073937657503, 0.1501365602915007
1979.5900327310708, 0.14586320355527893
1979.5160735695476, 0.14392182077260812
1979.518243520497, 0.142368135892885
1979.2941960849782, 0.1380976724245957
1979.2963660359276, 0.13654398754487257
1979.9308054447392, 0.17635065273492997
1979.9332466395572, 0.17460275724524144
1979.9354165905065, 0.1730490723655183
1979.9375865414559, 0.17149538748579518
1979.9462663452532, 0.16528064796690262
1979.9484362962025, 0.1637269630871795
1979.9506062471519, 0.16217327820745633
1979.9527761981012, 0.1606195933277332
1979.9592860509492, 0.1559585386885638
1979.9614560018986, 0.15440485380884064
1979.9701358056957, 0.1481901142899481
1979.750970759813, 0.14042385984228173
1980.4634379881777, 0.17925874866552907
1980.3894788266546, 0.17731736588285824
1980.4764576938737, 0.16993663938719025
1980.4024985323506, 0.16799525660451942
1980.4046684833, 0.1664415717247963
1980.491647350519, 0.1590608452291283
1980.417688188996, 0.15711946244645747
1980.5003271543164, 0.15284610571023574
1980.4263679927933, 0.1509047229275649
1980.4285379437426, 0.14935103804784178
1980.5090069581138, 0.1466313661913432
1980.204490508224, 0.14508057457955248
1980.2066604591732, 0.14352688969982935
1980.839201160904, 0.1846930291596445
1980.8413711118533, 0.18313934427992135
1980.8435410628026, 0.18158565940019822
1980.8522208666, 0.17537091988130568
1980.8543908175493, 0.17381723500158253
1980.8565607684986, 0.1722635501218594
1980.8674105232453, 0.1644951257232437
1980.8695804741947, 0.16294144084352055
1980.871750425144, 0.16138775596379742
1980.8804302289413, 0.1551730164449049
1981.2927209093148, 0.18934974389691525
1981.294890860264, 0.1877960590171921
1981.2970608112134, 0.18624237413746897
1981.3057406150108, 0.18002763461857643
1981.3079105659601, 0.17847394973885328
1981.3100805169095, 0.17692026485913015
1981.3187603207068, 0.17070552534023758
1981.3209302716562, 0.16915184046051446
1981.3231002226055, 0.16759815558079133
1981.3252701735548, 0.16604447070106818
1981.3339499773522, 0.15982973118217564
1981.3361199283015, 0.15827604630245248
1981.3382898792509, 0.15672236142272936
1981.3426297811495, 0.15361499166328307
1981.3447997320989, 0.15206130678355995
1981.116954882419, 0.15050979185478613
1981.1185823456308, 0.14934452819499378
1981.8207423069862, 0.19555942019692601
1981.746783145463, 0.1936180374142552
1981.7489530964124, 0.19206435253453205
1981.7511230473617, 0.19051066765480892
1981.8359319636315, 0.18468362603886407
1981.7619728021084, 0.18274224325619323
1981.7641427530577, 0.18118855837647008
1981.8489516693276, 0.17536151676052525
1981.7749925078042, 0.1734201339778544
1981.7771624587535, 0.17186644909813126
1981.8641413259727, 0.16448572260246327
1981.7901821644496, 0.16254433981979244
1981.792352115399, 0.1609906549400693
1981.5704746308297, 0.15516650659205689
1982.2753470308717, 0.19943929249433517
1982.2013878693483, 0.19749790971166437
1982.290536687517, 0.18856349833627323
1982.2165775259937, 0.18662211555360242
1982.303556393213, 0.17924138905793438
1982.2295972316897, 0.17730000627526357
1982.3165760989089, 0.16991927977959556
1982.2426169373857, 0.16797789699692475
1982.244786888335, 0.16642421211720163
1982.0250793547152, 0.15904637888946607
1982.0272493056646, 0.15749269400974292
1982.6489402526486, 0.20642725786817376
1982.651110203598, 0.2048735729884506
1982.6532801545472, 0.20331988810872748
1982.6554501054966, 0.20176620322900435
1982.664129909294, 0.19555146371011178
1982.6662998602433, 0.19399777883038866
1982.6684698111926, 0.19244409395066553
1982.670639762142, 0.19089040907094237
1982.6793195659393, 0.18467566955204984
1982.6814895168886, 0.18312198467232668
1982.683659467838, 0.18156829979260355
1982.6923392716353, 0.17535356027371102
1982.6945092225847, 0.17379987539398786
1982.696679173534, 0.17224619051426474
1982.4775141276511, 0.16447993606659836
1982.4796840786005, 0.1629262511868752
1982.4813115418126, 0.16176098752708287
1983.1813015522184, 0.20952956440873827
1983.1073423906955, 0.20758818162606746
1983.1943212579145, 0.20020745513039942
1983.1203620963913, 0.1982660723477286
1983.1225320473407, 0.19671238746800546
1983.2095109145598, 0.18933166097233747
1983.1355517530367, 0.18739027818966664
1983.137721703986, 0.1858365933099435
1983.2225306202558, 0.18000955169399865
1983.1485714587327, 0.17806816891132782
1983.150741409682, 0.17651448403160466
1983.1583362380047, 0.1710765869525737
1982.931033876062, 0.1691366508038691
1982.9332038270113, 0.16758296592414598
1983.5548947739956, 0.21651752978257682
1983.557064724945, 0.21496384490285367
1983.5592346758942, 0.2134101600231305
1983.5614046268436, 0.21185647514340739
1983.570084430641, 0.20564173562451485
1983.5722543815903, 0.2040880507447917
1983.5744243325396, 0.20253436586506857
1983.5852740872863, 0.19476594146645287
1983.5874440382356, 0.19321225658672975
1983.589613989185, 0.1916585717070066
1983.6004637439316, 0.18389014730839093
1983.602633694881, 0.18233646242866777
1983.3834686489981, 0.17457020798100142
1983.3856385999475, 0.1730165231012783
1984.0105844733557, 0.21962055964012442
1984.012754424305, 0.2180668747604013
1984.0236041790517, 0.2102984503617856
1984.025774130001, 0.20874476548206244
1984.0279440809504, 0.20719108060233932
1984.0366238847478, 0.20097634108344675
1984.038793835697, 0.19942265620372363
1984.0409637866464, 0.1978689713240005
1984.0431337375958, 0.19631528644427737
1984.0518135413931, 0.1901005469253848
1984.0539834923425, 0.18854686204566168
1984.0561534432918, 0.18699317716593852
1984.0583233942411, 0.1854394922862154
1983.8348184464596, 0.1807806075979953
1983.836988397409, 0.17922692271827215
1983.8386158606208, 0.17806165905847982
1984.5212462634322, 0.23825971497792028
1984.447287101909, 0.23631833219524948
1984.4494570528584, 0.23476464731552635
1984.4516270038077, 0.2332109624358032
1984.453796954757, 0.23165727755608007
1984.4559669057064, 0.23010359267635694
1984.4581368566558, 0.2285499077966338
1984.460306807605, 0.22699622291691066
1984.4624767585544, 0.2254425380371875
1984.4646467095038, 0.22388885315746437
1984.466816660453, 0.22233516827774125
1984.4689866114024, 0.22078148339801812
1984.551625576723, 0.21650812666179636
1984.4776664151998, 0.21456674387912555
1984.4798363661491, 0.21301305899940243
1984.4820063170985, 0.21145937411967927
1984.5668152333683, 0.20563233250373442
1984.4928560718452, 0.2036909497210636
1984.4950260227945, 0.20213726484134045
1984.5820048900136, 0.19475653834567244
1984.5080457284905, 0.1928151555630016
1984.5102156794399, 0.19126147068327848
1984.2905081458198, 0.18388363745554293
1984.2926780967691, 0.18232995257581977
1984.899179387108, 0.24214031059231256
1984.9013493380573, 0.24058662571258943
1984.9317286513478, 0.2188350373964655
1984.9447483570439, 0.2095129281181267
1984.9469183079932, 0.20795924323840353
1984.95776806274, 0.20019081883978784
1984.9599380136892, 0.19863713396006472
1984.9621079646386, 0.1970834490803416
1984.742942918756, 0.18931719463267524
1985.3548690864682, 0.24524334044986018
1985.3570390374175, 0.24368965557013705
1985.3635488902655, 0.23902860093096764
1985.3657188412149, 0.2374749160512445
1985.3678887921642, 0.23592123117152136
1985.3700587431135, 0.23436754629179823
1985.3722286940629, 0.2328138614120751
1985.3743986450122, 0.23126017653235195
1985.3765685959615, 0.2297064916526288
1985.3787385469109, 0.22815280677290567
1985.38090849786, 0.22659912189318254
1985.3830784488093, 0.22504543701345942
1985.3852483997587, 0.22349175213373626
1985.387418350708, 0.22193806725401313
1985.3895883016573, 0.22038438237428998
1985.393928203556, 0.21727701261484372
1985.3960981545054, 0.21572332773512057
1985.3982681054547, 0.21416964285539744
1985.400438056404, 0.21261595797567429
1985.4026080073534, 0.21106227309595116
1985.4091178602014, 0.20640121845678175
1985.4112878111507, 0.2048475335770586
1985.4134577621, 0.20329384869733547
1985.4156277130494, 0.20174016381761234
1985.1942927162174, 0.19552759424966912
1985.1964626671668, 0.193973909369946
1985.1980901303787, 0.19280864571015363
1985.8828904841394, 0.251453016749871
1985.8089313226162, 0.24951163396720016
1985.8111012735656, 0.247957949087477
1985.813271224515, 0.24640426420775385
1985.8959101898354, 0.24213090747153213
1985.8219510283122, 0.24018952468886132
1985.9284594540754, 0.21882563427568508
1985.9414791597715, 0.20950352499734626
1985.8675199982483, 0.20756214221467545
1985.6478124646283, 0.20018430898693984
1985.6494399278401, 0.19901904532714748
1986.3374952080248, 0.25533288904728013
1986.2635360465017, 0.2533915062646093
1986.3526848646702, 0.24445709488921818
1986.3613646684676, 0.23824235537032562
1986.2874055069444, 0.2363009725876548
1986.2895754578938, 0.23474728770793168
1986.291745408843, 0.23319360282820853
1986.2939153597924, 0.23163991794848537
1986.2960853107418, 0.23008623306876225
1986.298255261691, 0.22853254818903912
1986.3004252126402, 0.226978863309316
1986.3025951635896, 0.22542517842959284
1986.304765114539, 0.22387149354986968
1986.3069350654882, 0.22231780867014656
1986.3091050164376, 0.22076412379042343
1986.3917439817583, 0.2164907670542017
1986.317784820235, 0.21454938427153086
1986.3199547711843, 0.21299569939180774
1986.3221247221336, 0.2114420145120846
1986.1002472375644, 0.20561786616407218
1986.1024171885138, 0.20406418128434906
1986.789929980961, 0.2607664462244125
1986.7159708194379, 0.25882506344174167
1986.7181407703872, 0.2572713785620185
1986.802949686657, 0.2514443369460736
1986.7289905251337, 0.24950295416340282
1986.731160476083, 0.24794926928367966
1986.7333304270323, 0.24639558440395654
1986.815969392353, 0.24212222766773478
1986.7420102308297, 0.24018084488506397
1986.848518656593, 0.21881695447188773
1986.5559369369244, 0.20872089602161978
1986.5575644001365, 0.20755563236182745
1987.1678631046366, 0.2646470418388047
1987.170033055586, 0.2630933569590816
1987.1808828103326, 0.2553249325604659
1987.183052761282, 0.2537712476807428
1987.196072466978, 0.24444913840240395
1987.2047522707753, 0.2382343988835114
1987.2069222217247, 0.23668071400378826
1987.209092172674, 0.23512702912406513
1987.2112621236233, 0.23357334424434198
1987.2134320745727, 0.23201965936461882
1987.215602025522, 0.2304659744848957
1987.2177719764713, 0.22891228960517257
1987.2199419274207, 0.22735860472544944
1987.22211187837, 0.2258049198457263
1987.2242818293194, 0.22425123496600316
1987.2264517802687, 0.22269755008628
1987.228621731218, 0.22114386520655688
1987.235131584066, 0.21648281056738747
1987.2370302911468, 0.21512333629762972
1987.008914197598, 0.21376603197882132
1987.0110841485473, 0.21221234709909817
1987.619212902098, 0.2708574414557986
1987.6213828530474, 0.26930375657607547
1987.6235528039967, 0.26775007169635234
1987.625722754946, 0.2661963868166292
1987.632232607794, 0.2615353321774598
1987.6344025587434, 0.25998164729773665
1987.6365725096928, 0.2584279624180135
1987.638742460642, 0.2568742775382904
1987.6452523134901, 0.25221322289912096
1987.6474222644395, 0.25065953801939783
1987.6495922153888, 0.2491058531396747
1987.6517621663381, 0.24755216825995155
1987.6539321172875, 0.2459984833802284
1987.6582720191861, 0.24289111362078214
1987.6604419701355, 0.241337428741059
1987.6626119210848, 0.23978374386133586
1987.4608064827967, 0.2195880103758844
1987.462976433746, 0.21803432549616128
1988.072732650509, 0.27551415619306935
1988.0749026014582, 0.2739604713133462
1988.0770725524076, 0.2724067864336231
1988.0879223071543, 0.2646383620350074
1988.0900922581036, 0.2630846771552843
1988.1009420128503, 0.2553162527566686
1988.1031119637996, 0.25376256787694546
1988.1161316694956, 0.2444404585986066
1988.124811473293, 0.23822571907971407
1988.1269814242423, 0.23667203419999094
1988.1291513751917, 0.2351183493202678
1988.131321326141, 0.23356466444054463
1988.1334912770903, 0.2320109795608215
1988.1356612280397, 0.23045729468109838
1988.137831178989, 0.22890360980137525
1988.1400011299384, 0.2273499249216521
1988.1421710808877, 0.22579624004192894
1987.9143262312075, 0.22424472511315516
1987.9164961821568, 0.222691040233432
1987.9181236453687, 0.22152577657363964
1988.528422349869, 0.27861718605061697
1988.5305923008184, 0.27706350117089384
1988.5392721046157, 0.2708487616520013
1988.541442055565, 0.26929507677227815
1988.5436120065144, 0.267741391892555
1988.5457819574638, 0.2661877070128319
1988.5522918103118, 0.26152665237366246
1988.554461761261, 0.25997296749393933
1988.5566317122104, 0.2584192826142162
1988.5588016631598, 0.256865597734493
1988.5653115160076, 0.25220454309532364
1988.567481466957, 0.2506508582156005
1988.5696514179062, 0.24909717333587736
1988.5718213688556, 0.2475434884561542
1988.573991319805, 0.24598980357643108
1988.578059977835, 0.2430766444269502
1988.3504863720236, 0.241330918888211
1988.352656322973, 0.23977723400848786
1988.9927918530266, 0.27550547638927203
1988.994961803976, 0.2739517915095489
1988.9971317549252, 0.2723981066298258
1989.007981509672, 0.2646296822312101
1989.0101514606213, 0.2630759973514869
1989.021001215368, 0.25530757295287126
1989.0231711663173, 0.25375388807314814
1988.8061760713838, 0.2444339487457586
1989.4484815523865, 0.27860850624681965
1989.4506515033358, 0.27705482136709647
1989.4593313071332, 0.27084008184820396
1989.4615012580825, 0.26928639696848083
1989.4636712090319, 0.26773271208875765
1989.4658411599812, 0.2661790272090345
1989.4723510128292, 0.26151797256986514
1989.4745209637786, 0.259964287690142
1989.476690914728, 0.25841060281041883
1989.4788608656772, 0.2568569179306957
1989.255355917896, 0.25219803324247564
1989.2575258688453, 0.2506443483627525
1989.2596958197946, 0.24909066348302936
1989.261865770744, 0.2475369786033062
1989.2634932339558, 0.24637171494351384
1989.912851055544, 0.2754967965854747
1989.9150210064934, 0.2739431117057516
1989.9171909574427, 0.2723894268260284
1989.9280407121894, 0.2646210024274127
1989.9302106631387, 0.2630673175476896
1989.711045617256, 0.25530106310002326
1989.7132155682054, 0.25374737822030013
1990.3690832426416, 0.2782114052230915
1990.371253193591, 0.2766577203433684
1990.4560621098608, 0.2708306787274235
1990.3821029483377, 0.2688892959447527
1990.384272899287, 0.26733561106502957
1990.3864428502363, 0.2657819261853064
1990.1623954147176, 0.26151146271701714
1990.164565365667, 0.259957777837294
1990.1667353166163, 0.25840409295757083
1990.1683627798282, 0.25723882929777847
1990.8339952335364, 0.2747112743418158
1990.8361651844857, 0.2731575894620927
1991.2896849328965, 0.27781430419936337
1991.2918548838459, 0.27626061931964024
1991.0683499360644, 0.2716017346314202
1991.0705198870137, 0.27004804975169705
1991.072689837963, 0.2684943648719739
1991.0743173011751, 0.26732910121218156
1991.5240396354245, 0.2747047644889678
1991.9797293347847, 0.27780779434651537
1991.9813567979968, 0.27664253068672306
